102689 0
104587 1
105927 2
105951 3
105965 4
106023 5
106387 6
106398 7
106413 8
106461 9
106466 10
106690 11
108581 12
108743 13
109922 14
109976 15
110027 16
110432 17
11438 18
116853 19
117064 20
117166 21
118800 22
119986 23
120031 24
120045 25
120497 26
120499 27
120508 28
120562 29
120569 30
120745 31
120786 32
120980 33
121037 34
121088 35
121825 36
121836 37
121841 38
121854 39
12254 40
122564 41
12518 42
125412 43
126895 44
127007 45
127020 46
127097 47
127151 48
127242 49
128664 50
12910 51
12922 52
12924 53
12932 54
129339 55
12937 56
129442 57
129645 58
130017 59
130657 60
131079 61
131128 62
131736 63
132107 64
132113 65
132325 66
13239 67
132431 68
132476 69
132501 70
132735 71
13276 72
133181 73
13325 74
133287 75
13330 76
13336 77
133414 78
133595 79
133604 80
133607 81
133617 82
133630 83
13370 84
13376 85
13390 86
13401 87
13420 88
135479 89
13597 90
13656 91
136761 92
137051 93
137122 94
137133 95
13796 96
13811 97
13820 98
138662 99
13870 100
13879 101
13907 102
140367 103
14044 104
141068 105
141332 106
141336 107
141508 108
141856 109
142550 110
142564 111
142584 112
142646 113
142653 114
142661 115
142736 116
142779 117
14287 118
14294 119
14314 120
143466 121
143496 122
14353 123
14359 124
143674 125
143676 126
143697 127
143706 128
143710 129
143731 130
143749 131
143755 132
143758 133
143780 134
143783 135
14401 136
14402 137
144341 138
144357 139
144377 140
144384 141
144394 142
144643 143
145020 144
145231 145
14741 146
14766 147
148077 148
148080 149
148086 150
148220 151
148291 152
148446 153
148977 154
149264 155
14939 156
149682 157
149919 158
150135 159
15014 160
150179 161
150888 162
15089 163
15091 164
15119 165
15120 166
15135 167
15140 168
151469 169
15147 170
151593 171
152143 172
15318 173
15330 174
15336 175
15355 176
15382 177
15409 178
156069 179
156425 180
156430 181
156435 182
156507 183
156516 184
156523 185
156526 186
156529 187
156530 188
156543 189
157810 190
157841 191
157842 192
157870 193
157894 194
157911 195
157917 196
158323 197
158341 198
158534 199
158542 200
158592 201
158596 202
158612 203
158629 204
158653 205
158668 206
158728 207
158736 208
158784 209
158793 210
158816 211
158833 212
158866 213
158884 214
158894 215
159248 216
159434 217
159437 218
159445 219
159483 220
159486 221
159490 222
159505 223
159516 224
159518 225
159535 226
159539 227
159541 228
159581 229
159597 230
159625 231
159627 232
159629 233
159630 234
159637 235
159640 236
159647 237
159714 238
159719 239
160570 240
161033 241
162067 242
166135 243
166405 244
166822 245
166869 246
167094 247
167503 248
167549 249
167721 250
167811 251
167813 252
167921 253
168290 254
169293 255
169457 256
169479 257
169495 258
169611 259
169943 260
17032 261
170879 262
170934 263
171057 264
171067 265
171131 266
171333 267
171452 268
171479 269
171485 270
171495 271
171727 272
173155 273
173907 274
173912 275
173914 276
173972 277
174017 278
174029 279
174063 280
174066 281
174076 282
174087 283
174137 284
174138 285
174158 286
174163 287
174165 288
174170 289
174188 290
174207 291
174213 292
174233 293
174252 294
176381 295
176453 296
176461 297
177501 298
177730 299
177775 300
178094 301
178589 302
178591 303
178637 304
178654 305
179451 306
179495 307
179511 308
179512 309
179616 310
179643 311
180253 312
180255 313
180446 314
180631 315
181966 316
181973 317
182092 318
182140 319
182246 320
182247 321
182826 322
182907 323
183060 324
183061 325
183069 326
183113 327
183144 328
183176 329
183194 330
183297 331
183298 332
183304 333
183305 334
183318 335
183350 336
184434 337
184849 338
185128 339
185133 340
185302 341
185321 342
185430 343
186582 344
186696 345
186704 346
186714 347
186746 348
186757 349
187279 350
187306 351
187390 352
187515 353
187824 354
188837 355
189086 356
189087 357
189172 358
189532 359
189549 360
189669 361
190183 362
190287 363
191373 364
191642 365
19165 366
191839 367
192142 368
192285 369
192311 370
193141 371
19341 372
193515 373
193600 374
193927 375
194035 376
194115 377
194252 378
194701 379
194716 380
19489 381
195192 382
195201 383
195246 384
195454 385
195628 386
195663 387
195688 388
195752 389
195768 390
195770 391
196487 392
196781 393
196785 394
196866 395
196912 396
196966 397
19758 398
197755 399
197761 400
197791 401
197861 402
197919 403
198260 404
198307 405
198315 406
198341 407
198363 408
198419 409
198471 410
198555 411
198557 412
198802 413
198819 414
19887 415
198971 416
199099 417
199111 418
199158 419
199197 420
199220 421
199580 422
199587 423
199591 424
199627 425
199672 426
199728 427
199742 428
199744 429
199810 430
199838 431
199938 432
200006 433
200031 434
200075 435
200087 436
200119 437
200202 438
200204 439
200215 440
200228 441
200249 442
200319 443
200320 444
200338 445
200402 446
200638 447
200640 448
200660 449
200676 450
200679 451
200692 452
200704 453
200712 454
200877 455
200915 456
201073 457
201318 458
201384 459
201444 460
201652 461
201678 462
201893 463
202049 464
202107 465
202118 466
202134 467
202271 468
202825 469
203347 470
203918 471
2041 472
204178 473
204277 474
204432 475
204499 476
204775 477
204777 478
20515 479
205170 480
205179 481
205564 482
206694 483
206710 484
206728 485
206729 486
206767 487
206874 488
206927 489
207009 490
207042 491
2071 492
207161 493
207167 494
207375 495
207441 496
207452 497
207470 498
207575 499
207589 500
208641 501
208673 502
208724 503
208788 504
208865 505
208949 506
208956 507
208971 508
208994 509
209006 510
209078 511
209327 512
209328 513
211059 514
211075 515
211519 516
211755 517
211759 518
211958 519
212012 520
212087 521
212120 522
212199 523
212213 524
212342 525
212378 526
212384 527
212395 528
212412 529
212920 530
21329 531
213809 532
213831 533
213841 534
213850 535
213864 536
213866 537
21388 538
21391 539
214245 540
216314 541
21718 542
21973 543
220108 544
22118 545
22180 546
22256 547
22319 548
22348 549
226017 550
229370 551
229955 552
23107 553
232112 554
23429 555
235182 556
236883 557
237053 558
237937 559
2401 560
242361 561
244705 562
24557 563
248199 564
248283 565
248325 566
248357 567
248374 568
248392 569
248478 570
248950 571
249138 572
249436 573
250534 574
251291 575
251585 576
251624 577
252665 578
252779 579
252811 580
253046 581
253695 582
253836 583
254000 584
254111 585
254180 586
256363 587
257336 588
26327 589
26393 590
26635 591
270090 592
270961 593
271764 594
271781 595
27221 596
273462 597
274102 598
274108 599
274114 600
274118 601
274257 602
27455 603
27457 604
274693 605
27492 606
275029 607
275255 608
27569 609
27581 610
276624 611
27760 612
27803 613
279396 614
279552 615
279730 616
279732 617
279781 618
279787 619
279833 620
279848 621
279849 622
279853 623
279869 624
279877 625
279884 626
27989 627
279895 628
279923 629
279924 630
279988 631
280085 632
28014 633
28037 634
28066 635
280698 636
280745 637
280887 638
281000 639
281017 640
28131 641
28143 642
28154 643
28203 644
28225 645
28235 646
283776 647
284430 648
285297 649
285398 650
28904 651
29013 652
290677 653
291840 654
291847 655
292093 656
292096 657
292111 658
292732 659
293248 660
293559 661
294700 662
295591 663
29586 664
296317 665
29686 666
297360 667
298602 668
298670 669
299768 670
301640 671
301929 672
302476 673
302787 674
302866 675
303214 676
30431 677
305648 678
305773 679
305857 680
306466 681
306577 682
306775 683
306822 684
306879 685
306892 686
306921 687
306961 688
306966 689
307230 690
307446 691
308130 692
308678 693
30924 694
30925 695
30929 696
30937 697
309517 698
309819 699
309845 700
309849 701
30986 702
309983 703
31014 704
31016 705
31023 706
31032 707
310335 708
310355 709
310373 710
31042 711
310554 712
31061 713
310653 714
31066 715
31071 716
31075 717
310768 718
31082 719
310829 720
310914 721
310933 722
311021 723
311053 724
311149 725
311160 726
311165 727
311202 728
311210 729
311223 730
311252 731
311258 732
311462 733
311513 734
311546 735
311557 736
311563 737
311565 738
311974 739
312000 740
312005 741
312024 742
312054 743
312118 744
312121 745
312135 746
312150 747
312158 748
312172 749
312184 750
312237 751
313517 752
313568 753
315398 754
315564 755
315584 756
315597 757
315603 758
315651 759
315771 760
315831 761
315862 762
315864 763
315866 764
315877 765
315899 766
316145 767
316306 768
316519 769
317044 770
317444 771
317531 772
317643 773
317709 774
317765 775
317809 776
317986 777
318110 778
318253 779
318313 780
318639 781
318675 782
318743 783
318807 784
318869 785
319098 786
319391 787
320058 788
320118 789
320168 790
320188 791
32035 792
32037 793
321160 794
321261 795
321303 796
321529 797
32248 798
32258 799
32272 800
322921 801
32293 802
323153 803
32316 804
323166 805
323189 806
324133 807
32433 808
324330 809
324340 810
324344 811
324353 812
324356 813
325055 814
325220 815
325552 816
325562 817
325605 818
325648 819
325681 820
326051 821
326060 822
326108 823
326115 824
326175 825
32768 826
327875 827
330070 828
330590 829
330705 830
331212 831
331234 832
33309 833
33348 834
33693 835
3454 836
3491 837
37194 838
373 839
37371 840
37382 841
37525 842
37545 843
38247 844
38260 845
38272 846
38515 847
39604 848
41751 849
41752 850
41764 851
41801 852
41810 853
41913 854
41921 855
41941 856
41992 857
42003 858
42046 859
42087 860
42122 861
42180 862
42220 863
42258 864
42264 865
42278 866
42289 867
42532 868
42586 869
42594 870
42649 871
42658 872
42799 873
4283 874
4291 875
43548 876
50269 877
50420 878
50551 879
50622 880
51237 881
52657 882
52973 883
53804 884
54503 885
54525 886
54543 887
54566 888
54580 889
54590 890
54594 891
54595 892
54597 893
54608 894
54615 895
54777 896
55477 897
56868 898
57485 899
57572 900
57575 901
58398 902
60188 903
60309 904
60320 905
60646 906
60659 907
61750 908
61792 909
61859 910
61862 911
61864 912
61866 913
620 914
64672 915
65211 916
65910 917
65928 918
65935 919
65939 920
65949 921
65955 922
65960 923
65979 924
66033 925
66056 926
66070 927
66083 928
66090 929
66108 930
66115 931
66121 932
66126 933
66143 934
66171 935
66173 936
66197 937
66251 938
66253 939
66257 940
66277 941
66284 942
66286 943
66297 944
66303 945
66306 946
66310 947
66426 948
66436 949
66853 950
67084 951
67371 952
67374 953
67386 954
67457 955
67482 956
67517 957
67539 958
67619 959
67784 960
67786 961
67990 962
68010 963
68035 964
68084 965
68097 966
68104 967
6834 968
68607 969
68717 970
68769 971
68821 972
69125 973
69226 974
69344 975
69391 976
72999 977
73884 978
76188 979
7660 980
76694 981
77596 982
7767 983
79435 984
80596 985
80672 986
80735 987
80894 988
8656 989
87237 990
90626 991
93740 992
95163 993
98464 994
99040 995
99232 996
